pronoun -0.043 0.016 -0.023 -0.027 -0.100 -0.004 -0.003 -0.142
ppron -0.021 0.021 -0.017 -0.016 -0.092 0.022 0.013 -0.145
i -0.017 0.050 -0.001 -0.011 -0.116 -0.028 -0.023 -0.171
we 0.036 -0.070 -0.071 -0.006 0.052 0.063 0.068 0.044
ipron -0.077 0.008 -0.033 -0.051 -0.099 -0.060 -0.035 -0.115
verb -0.084 0.014 -0.028 -0.083 -0.071 -0.013 0.002 -0.132
auxverb -0.078 0.025 -0.018 -0.074 -0.098 -0.021 -0.021 -0.131
past -0.069 -0.003 -0.040 -0.066 -0.051 0.001 0.000 -0.074
present -0.068 0.017 -0.024 -0.061 -0.071 -0.002 0.002 -0.140
adverb -0.088 0.026 -0.035 -0.077 -0.071 -0.034 -0.022 -0.119
preps -0.065 -0.030 -0.086 -0.059 0.062 -0.024 0.021 0.009
conj -0.057 0.031 -0.030 -0.070 -0.085 -0.056 -0.014 -0.109
negate -0.073 0.068 0.034 -0.080 -0.068 -0.034 -0.069 -0.124
quant -0.056 0.010 -0.012 -0.042 -0.064 -0.045 -0.032 -0.085
number 0.036 0.064 0.030 -0.043 0.082 0.038 -0.046 0.117
swear 0.040 0.129 0.187 -0.028 -0.171 0.025 -0.136 -0.097
social 0.014 -0.060 -0.050 -0.007 -0.021 0.101 0.096 -0.036
family 0.008 -0.036 -0.076 0.012 -0.007 0.041 0.102 -0.020
friend 0.073 -0.030 0.001 0.048 -0.032 0.121 0.069 -0.049
affect -0.038 -0.062 -0.050 -0.017 -0.009 0.069 0.091 -0.095
posemo -0.020 -0.118 -0.124 0.006 0.077 0.108 0.183 -0.042
negemo -0.023 0.073 0.083 -0.049 -0.135 -0.027 -0.109 -0.138
anx -0.054 -0.021 -0.042 -0.034 -0.056 -0.014 -0.007 -0.179
anger 0.004 0.116 0.151 -0.034 -0.144 -0.016 -0.145 -0.103
sad -0.038 -0.024 -0.036 -0.035 -0.078 -0.009 -0.024 -0.111
cogmech -0.074 0.010 -0.029 -0.046 -0.090 -0.061 -0.030 -0.099
insight -0.048 -0.022 -0.042 -0.001 -0.082 -0.060 -0.008 -0.094
discrep -0.059 0.012 -0.013 -0.053 -0.069 -0.024 -0.015 -0.094
tentat -0.102 0.020 -0.023 -0.036 -0.088 -0.081 -0.046 -0.078
incl 0.004 -0.015 -0.054 -0.031 -0.001 0.032 0.027 -0.016
excl -0.084 0.044 -0.002 -0.056 -0.100 -0.062 -0.068 -0.110
percept -0.052 -0.040 -0.092 -0.015 -0.020 -0.031 0.070 -0.089
see -0.049 -0.036 -0.082 -0.043 0.038 -0.004 0.062 -0.039
bio 0.001 0.009 0.012 -0.026 -0.066 0.023 0.014 -0.136
body 0.006 0.053 0.066 -0.021 -0.077 0.017 -0.029 -0.112
health -0.005 -0.032 -0.019 0.007 -0.010 -0.005 0.032 -0.106
sexual 0.068 0.030 0.051 0.029 -0.083 0.082 0.008 -0.156
relativ -0.028 0.021 -0.059 -0.060 0.088 0.019 0.021 0.006
motion -0.020 -0.008 -0.060 -0.029 0.075 0.046 0.055 0.000
time -0.050 0.041 -0.063 -0.070 0.061 -0.005 0.026 -0.054
work -0.006 -0.046 -0.077 -0.009 0.061 -0.015 -0.016 0.048
death 0.021 0.039 0.094 0.050 -0.070 -0.051 -0.085 -0.003
assent 0.011 0.013 0.038 0.024 -0.067 0.060 0.016 -0.125
nonfl -0.023 -0.027 0.005 -0.008 -0.041 0.051 -0.015 -0.041
filler 0.035 0.102 0.073 0.000 -0.121 -0.024 -0.066 -0.127
AllPct 0.043 -0.039 -0.031 0.093 0.028 0.000 0.055 0.024
Exclam 0.018 -0.003 -0.054 -0.016 0.050 0.107 0.104 -0.011
Dash -0.006 -0.052 -0.025 0.046 0.042 -0.057 0.045 0.048
Quote 0.057 0.020 -0.035 0.050 -0.055 -0.098 -0.020 -0.034
Apostro -0.088 0.012 -0.022 -0.028 -0.101 -0.085 -0.017 -0.129
OtherP 0.070 -0.015 0.016 0.051 0.046 0.062 0.033 0.060
